$ANSIBLE_VAULT;1.1;AES256
30663162346163373635616461633435306664373435633166333232366539643363313664346233
6336636131653039613931323034356639323137663434340a353963623966316164396566353863
32333764633065656162633265336630303234623537623933623337396636326636313831343065
6366373735303262650a626662353134373333653431336161353133383863376132363461636538
35373737386536613664303165343936326234643139656234323939623265373631656434653066
36353538653031373537333561613132626538393437343663373133616235373938363337393864
34313633663864663734363362396336666339633536393133353934396565373130366665656336
62353663373632323265346561386163366139303161656265633733346134383632613634613731
34663030393661653866613234643830656639643363356430633561303163346663383031316430
31383632336563653636393361393862636636386364653163393835643062393832656664613535
62393732333233616331636139386164366364363064353162383933313263626430396639336130
30613237393361633330646132393462646366643761326236386436383961646162386531373366
30666538383563616565376138316563303134393661303939656337333362333862383532333366
66613331613366633731633066313664336330636136663136356438663162323936626531356236
65633363636435646539643038306434366466663166313632663064643137366536333566353732
61623632343231636566356361326131306631303635653766346561336535373837646562356134
61663937626334616236633831343436343035313136393561356563643437626533323962363666
35313062393731313331303730643966326461633730323164386435343735323134613166663731
65333163303531613664346130366661616537353335626466383239313638306632663137366333
30633962613034383739303266663261623934623431633665656565383431303237666135346563
31663339663232353734383962663139643262326266663439333566353864323963636566393562
35613533623533656635343966613565353964386534643139653233613631353130613433616430
63333030313333373337373462323234653039613639316631386230303366386535376434653762
31366564626264326630396166623434323833363430656263373439353364303238616639343665
64393330643261343631666335336661343732356334613365373834653239383234623637306665
65346265343233346162326363303638366163336361656539323839653131343564323961646438
31303837636364383332643933306537323833313537643234356164383734393131306630623131
31646330393137323764653965616666666664633235363466313435393533383064656563316462
39373735333562356661323032376537636430356662366137363263316135666232653530663034
37636630663533663237323363623435353963613136396565383137393236306534663761666632
32663531366336353637393332626131383735396334633930623866333761313831653564663633
64323236313564653039353765313761643966363234623062333839333661313132386336346565
36316633663261326239616530373462626164343237363964343430386332323361626134323863
38323530653434633136386564396338353230616239643465313637636630393637353132383434
66643032303463393361343131623432613964363362356230323531373835383439663565623566
30653131666664623637343761363137613263323331643765373832333661626465326464633032
32666533323536393966663337396466303932633739656539396632646562646632663938366661
66326565613565633237383961623462373733326135313737316233313234643863316165386538
38633536363062353738383465656133373165376537663239313831313732363264616238376162
63323963303834353961336339356335316163313135343334303739646135336539613132643264
34343165356361623665336661333062376536383466616335333232633739303731323536323433
33613361333163616536623032333331326463626362653336333565313633316362643664323766
36653064383362326139636132323036636161343730666362316563313966323262313039306461
63306631366232626332353362653335306335616235353862653964313430336335303762356265
39633038363264666461343565363331616337326537376663313232356631623461343961313233
39373535316661663433353461656662376433653864383361313439643366643730363962653162
39356561306136306138616134663139366464613061343232336664613134356334306566356338
30316663636536623236643235633234396565373139323338303638333534343663316561376438
38653066396530353362646438616639343537643233363363613636303333323735646439366366
30303939346564306632383136623261636165303364653030326338333735323363316435303561
61353938656462613131373364303662323866373666333066653165356632653930386461656532
34663834623137653966396535636439376463616236623238376363306466656434643134663363
65643838363466303439366464386165666235363066656365626466613131663865343566363762
34656331376234626335666631333861323238643239303230376165646166383764336136623861
30303039363835646364353232333739313830333963366334656433356231306430643538646562
34633238393030643062616330383232623663336332393238306361623663316130613165323436
35386339343363326238333030343539313766653365353832343630366532666663653730653362
66366439633466633531346236383033383930383564643630353432353536326634656434333462
31383666353437326461396165306634633633336137653431323562396339623336343765613264
66653130646531333864353762613666613736663261363763636162333333396566313062323938
61356631643032653966376364303035396139333734386337323738653531303037396239623432
33316666623061353937623935303338393738383165386637333962316266316265343832333236
35393366366431613532353534363738373236346361616132326336663830663439323236366661
39333365663064363865623933383764373531303735656662313331336465363431343063663963
38626339356333323532653330383963626435356433666339353564626661323663376666303462
38663536643839613965623833313339353433613535636539613339336565376331626633626537
33306635316466366536376435303663363834663735633231376331316164663738316637313439
37666434316464653563343132313933623063656638396139336631326431313465646339353234
66643132336339626634326131333332646335643863623330373534333361373635336464306534
30323830613836373931646433383539306363316132376662616264386635666666396237346366
31393430386462333065313466356538326165353931376465383165626431623265666537383538
66343361383965396135363133633633316337616231336131336663363234656165316566656432
30663836333031353261376232626463643938303634386339306337333764366362303634316436
35343232303166666235313161633138386137343436383433386132623430383839653533616664
65646635363234363231633432346666393534643035313562646234383232646661306232316262
36383166393262653831303534633336623064353263626636353639623239323835386166383839
61613738643862633439323534653665323733656432643937623633336437613836333735393333
30663933326261376663366464626631633064626264316230396634633438373963656633363939
35376537613139656136306636306134626634313061303632373166323439333662366462316534
33373533643762366539666666303732663737316234656239333562306333623637316639353665
35383366663938326365663735633031636561633633343131353439356634633761386232326230
63616131336665306432643539313338663432663335643635393738396164663062363761623039
30373733636631616538323034666466306631316132613534653566343166626637643032613466
39323865666262643932366464616533636462613361343438303637646437363963303766373262
39366236353235333532306337356639656639393163616366643233373561373731396434653139
38363339663166623064393766666636623633613034313262313265356466616130343639373336
63323764363661633164303933356338376138663162633563316532373065666538656164643465
30303734666666623537383433343637633033306434616464316365343531306362346334333864
63356639656137613838666263656365306366663731326539313730643533393462353131326635
66303133653864333362643764373363323962396264386231303839393733663439653131306137
63633734613065623063663532303565346535626434653736623065366666356264623665336331
38343337393533326430663966393034306366366662303631353431613766393134396363386339
64353234343761376561363664646237346530313763316239653531353038626335656436633737
64383937363639303966373133653564303337663537653435313131653162306637633164653462
32346638353138353463383534373736376438396532633638343734306632303630326365366162
64303663386139316436306162303063323636623036663739356636633966363564326161333533
31643531636237616339663865333532646337366633396632363631623461346339353735346561
64313632323465316564613065656138623330643339623538646566623161393264313334383031
61386231653632383135383731373139663437346530646464333639336638626135333932333765
39353336643061356332303664356432386464633838326131373362353562633962383662626231
34336133336265323562353030316165326635643261356561393863663237393432643932316439
31666437323638316331313135643433356535356231353234383565633262613031613731333133
30313130313433356263623961653162363266636561373866383737373839306131323334326137
66623438303231323537653837653739366138373838393334326632363436343030313131663534
37383037616637356539623764646138623363626430323761653431356265386534613862373866
32626431666365356466613830653261613631633638366565383562386534666531383064626566
35623634353833313834623332626638313939333261326135323030373739306537346562383362
66376635373366373031333464656339616261626433313630346333323339393037323939356265
37656232636238346230373532616565343533366430613038396366636662316361383239396634
65393363663464663836396661306530326164393733323464373733653931636631356432616237
61343265313635323166303332363066373463373837333931323866333432396438616231653834
66373563383938373663633966643537343431353434633161356331633165373862623661663464
31323837626339323863616637636335383931333437306435656231643839663734323362333438
37346663663133646233393733306139396234336334623565623365346132653330656537386462
64636438666137346237323830343236303865636339653132646262366637393131366332646666
33353364343337323430623033343231343365343465373438663531636361616433373632306233
33343735386235386433666261626435356165663534373365316438323436313465356665356231
64356135356638643238356664336366663363376232363564326465316639373761643938363439
61303562373838613838393836623365363063613331306334653434653535653466376334646339
66396533316335366562613961363538373162613965613561623931373632363634303364643138
62663764656536306164623139626664646539303434653037666136343739633063383536386338
64663832313233376535613133363537393666316532316638303765303831373836383264363238
34353235643933373935383931663333373634623935333530393166386235326234323131396531
31656533346161303130356330623131363966633331653436633062643163313865613837653234
37633330363830326136616338363264386232643035633834356435613861303665653938356131
35636330383031646432616533653032356231653961333238656463313637393335303938613866
64623766633738313635343331643436313665626362316439646132393565303766316332376338
66366663366465356566336362353432303364383964373936363265396366633231383861653231
39336437666334393561313161316437356634656436656433313935643739373336653865303632
62396131323738376464633166396338353864363433396336306564636564303339633232363361
39653531626133336331653737663736633565316237363966396532333237646538393138373063
62666137396336386131393662393837353131663235373630343166313131303733363261313731
64643465303036316564346661653561633836383936343361346565626632613164646137623761
36393237393931383338346466373434313439663566666236306262346130353931323839663733
37643938353664393961376233636136376336366438616535323230323463643463373066636662
62343539313338633838326432366364663863306166333463336439386566623937633964353861
65333162623061316564353565353732616166663532616230363961326138343230383663353633
36366530613739336164396435393361646230313131646331356532346131303961303539643465
33663531613239313038626262363935346564383338313266333436376533363335363662643534
62366632373037303034396230613638663633366632313330613866383432663431326466373233
33323932616133323763336137323230316532333839373463333861386431666632653930373431
32636630646431313736633539323833636136613363666239393831396166393163366462343031
63306665366233393135656363663138616638316663313261643563386166383161656231356365
66373831373837326339313430623534313862323931333839383461336538343532356435643639
36313165333834653832666261383861636666336564353331623564326531353934613264383432
36653866363630663865356163383733616463316532393739363638643362363762343635333366
33646663316235326131363437343538373833353031663863363566613266333031626434313631
65623337646136376535656235303561373232333333646335633163353030383430613438373835
39373938376663376231366337636338333664316465326138366562633631353534313865653433
30333230356339363266393138326631643539653233643336346539613632386164636533626661
62303435356661616134346532616138626631353830353730356662653763306530323233333437
63366331333863313631303863313866316237666337356432336366303634623831666464376136
32383837373438633966373735393235313831343934643236303035636565646533323961343366
66613366356663363439313064396530646635376666336165333863306461653862396562626662
62396466633732396436386334356133303662623461353330323734353164353237333362333731
38306637636336653031646537303362653836653963333733356337636130303963653131326463
32653532656162373663656664663565396437316233373334633931623430366535313364633666
30356535313633323837366637663162663233306437346534386132393233636335346563633366
32333831353361356464393332356262333832663961343361616364353766363937383631323438
65356237373837336236323138356530336538336262386637393432396338353837323866333937
65396364326465376564666566366634633562323234623736653035633138306634376532633163
32353537333761663839316634393537633038336364363165373439363135633663373165333965
36343532346265303733353161373935316163616362323065353239363332646637643839303434
64366132396332393765316637303365316562623132323139323465393762643339343363623366
39656439323964343334323136366430353535393661303835313433353563326239303938366431
66306565613264633132323864363836323866383336376465383063393265623163636435306165
63366235613635653464383737633336626135306565386237633230623739646538396435303464
31353763383034666231373332626138643030323734393033353761373434356439366539633562
61326566396636636236353239363835346364613164393734313335373930336663376235386639
36653538646337306232633332643462343236373737313336646632663839653336356664393766
30656332633264396162653234653262316338343334333832623835386362333937646330383339
31313038663964633933333666396531306533316464306436306333623438373731363562346336
66343938373939353665333261373739353164666666663763376333396334653635613233336434
37336164393864343733373938363639343737663033366633316661346238616235633531313737
39316238376461633535613465663937393736333362363533386332316266373165356564313664
66376331386538333062303961323664336334383366396663643338373633383738626136653766
35323635326334613533323662393962313134643962666161666664306332623432363564636632
39626163303630353861623531373634393232346437363339393864666136623962366161346135
61376161383263313938626636363731623431616238643735636135386536353533636634323930
65636633343666313737363630356138383534343361396138393463336362386238393230323562
63326234343432636331313638363731313766613533653961663230356436323633643766643262
64373362636139306663383462643463653565303737366666616538336435633963373230636538
32336661393035373336613765353762623261356239333132336630643132643766393434333837
65393833386633343433353363313864346465613739306530333766373032356636366264653732
38393436363034313463323866376664653964646464663366353133303864353162636436616165
31646263666433353730666238316264353562346166373765383639646261383231663231373864
33346237316463326238303337323462646361303963633461383764353438653466386361313131
35613531636437326363613530376638346162356161303662343731616664643034323564663634
34613066336365313837356333623734393633636236306462636131366164316437633133393239
39356634393531383131663563393866316435623535343665316561616538666136626633386365
39643535636564303431353832643163303637363638393032353966363639363730646636373335
30346539613462343832613036323766313936366163666362363436663331353335616162313134
37343165656530376162366235373833653437626363373532643336653164343137643866643932
39643131623830303534646237376263343631333463323638623365386333366566316237613830
31333738323039303465626332353764316262663230343730643864366437353833353166306561
62316262616566386132613033343738393265653438633137383932383864666334313564663734
35623037346234386365376266373734616437616561376339326634613933623266373231663330
31353662633561643830393339653439373566663733393362363763373930616666636365356139
36336631653031636333663339663864356164616633323733383836373535636563386632346464
65623930306239323238383962346366383363643834393135373963316431643162323966626334
38666531373634366266326564303364323134626434666564643033643332663035326430396533
38323261326461363638356262326661663634396531633863353465663063613430613363363766
37333164333063376632656165626566383864313630383534346162373435326165323937393938
38633461343933306163303331636634623534376635383865323130376133613764616335396338
35633039623361663031333136356462366135623864356632393063336636313436376238333635
63346132313932326633646136643531306430306237386564306332313962353932343061316132
63313039393366306430336239316139623862353532353233636232613034393762666331303833
66663164303364363136623162626666343535643738353239653437633639666430336432323530
37383861656365333364393631373566376332376431363438663238383364643436663937353835
66646132633963643837353932376333376161383731323362353330616138613861633536616466
32663464633864633265623466366535623362636136386135663431613263613133396539386562
39303134613431313761383737666334393832306562643330613763616664313139366566373230
39636632666332616237383964353530633636343639396536613166333936386334663061353363
32663839663166386434386238653163326135363964323261323233636266333734366261353731
33643730633065653030343763636539623265646137643264666165356538383739343264383162
32626566323639306130303539633930616463373361613264383966306665326135616134313131
61353430393465396431626238633264333030666438373361636239383731643534646534663033
34353439396434626439353834343332363735383037363235396561623662623235326362373761
38333036663931386138313063393434323035323236316366636635333264396231356162333138
33316430386536383266613166613933616137643264333433303830663433333238383232376363
38656232323163326530373262363065396331313537383730666135646565653334353839323266
39613762386534306138633565303733633339393737626433363862313265306135656664663337
35363863633838336264633365393135326631356436666264353738356638636563613434656332
34363034626337333662636531616133656664373230383165336431376363383464333236366261
32333335396565333065343965393834346338323837626666663366313563336430326464313135
36363732393964323766386534383564646530653963343136333065316161353366653432663532
37643036316234333438633130343066633130376131663132326666373235376461363365663437
61363564373032616330346633313565366235643136336462313438666261386162326661336131
63386266616239626437383365343964626336643864646563333061383031623430363661653139
36373033623236316165663538343538383830396239373938393736313137336261363339303365
39303935343166633563323762356236333332303163653337343061373666333138366166663634
31626133323364626131626264303134616232356462353662336666343732336237656165316137
37303335303836613034626265353833646262333934666634393964373931333630373436653738
66336139323136316365353733386330306531306631396162646261656337393038646139396536
63626132383832626236393238366266646265353265623863373061613231653437333832376661
61663365666366666666313763623965363836353931313763336464343064666439386266393361
30343430653232373066373337383866313937346136616663363363303030373636663432383635
34313261393534323130353862383864333334646435623465313566396562633865613663626238
34323131313234376133393766623836376431363936643361353736653737366639303739303631
37663338356139636361623636333132366238633938663233386437313331343430346566346339
39363733323038346661326264623731316137623937343239373462346334333564636331353039
62633464626463323164383963373361666332646163353465616661393339376465323764306537
66386332646430373937666636313735393038343563336364333939323766323734366435613838
33653636316534386130366137653836643431613965626266396130633564383638343734663266
31313361326462653964353761356235633764316430616235656538313433316263386462623230
37376533383361626132383239363263663964613964666261643238653466643262396632323661
35633437333332653234656565313461616164386335653831643661333763663839306266303638
65376130386135376164633466366130323266663662666436356165353666333332373365353063
63326235336430656339346338373532316233343861326232323337366537636663633132363434
36656632373332643737646232396433353634316464326435393763323031626437306335663731
65373962613834623864353631643336313063666665336439366635353336626534343562313533
34396339306139656236623431346630333335346637626238636662616166303061383166366166
63356535623466623661343465343234646234313561373038363363343661326434303861373462
65636565393933643761363537393338363336316561303032666233383531383839653563373438
36333233616137303562326138663064643164363362613032636634353664633532366664383639
61383164626433333932643030613735663830376663653130396464343136303566396333396264
34373433303263303262616637326334393535313730393930316333313137316535376231386338
35633735663839303366653735613765636337393366383930313636383832303439623665346530
33363633343338383739353262636332373963323331383831346232313162343033316432646236
39303936613138393635343334313966333362323638643666316261383165636265363666343431
37643261343638313339333066326566386236386635633232623839343337306630366139393337
61626536373033663462626230323134653739356565323066643561613864353761343964363034
36303138633737623066306539373964373831366464323566613366643738363863343431356131
35363633326637313937336262333266303539663734626338303961343931323762323164326439
66353539616138663932333639313931363565313737663439613564363439383436663833633663
62353662323362316466646230616138393537393363633936386461336666333866323637653865
39333562616139316438303438336339366230313665636637626337323639613533656136363733
61316531643038353364366631633964643138346637303564623237623437643139393337616530
32363961383032386161653232333439363863343962303662623463313738613732366439636364
33373863613738613436353330313532316161653932303863336239336536363138623839363434
66306433366166656539656363643434386530656434643234386537643661303133356134376136
61396261396662313739363238383462393931633031666461376437323137313263333639306436
36666431326135366432376566616338623930613961393330643266393634366230613030636238
39663130613836613564633664373533356334653562666232626234336531613235633233376561
36386661396539623839323565363230336139613565313863666631656562656639636533613137
37313533663938616363373032393066636235333462646561613565623564383837383837386434
66643334386437653938616364333235363530396239343430623236623136336133653230346463
64646161616633633262373634323137353861303164303630373364363432623231346435653962
62373439316236316365336531336331343266613931623333386335316365623131363737623833
32333133316632313930363866356130376231663337323135363037653335376438376165393133
37613937653262346562353739643563343939623038613264626631303332373365623539653062
61393564313232613165383465366138653063326631393438643264653539333532383463346261
66666565663738643636616165316364633764333736613531353539383736306261643431356438
62346432313339653561663136666238303835323433346163393439303065333762346336306161
63323831643065653131363362643737613831343333353234346634346237373234363765363237
38653934623064656637326435303739623766373363376236333461633163306562383661613937
38383661653162666664653532653862613330623835656438376134643233306266623164656563
31663030353661626462616535653130333737346538613233346438346132666162323566323363
36633637393564643433623238396333343433633831383832653933666565396162363863386631
35646636373631613965313436663264323462666538373536626136323831316564646162653566
33323864376366376564656230386337373437613530336235633161626430303033616664353661
37666337326432663266336265323433356438366137666662336366326334326537636437333961
39323532363766333764343739653235613666613730386165616461336161613766623930383130
36353263353735353166376532663030313938616364343130643039653863323837336438396561
33356531643464343239613237356131656164353164383965323161653030626133666433363332
63653566613361666664336633383164663934323738353138336632326231353366656637313362
65303438633161353634643761316136646132376333653130306532356661323339626361353865
64336436306561363334353133313830333461356361356262346166353637636566303863623163
64326433323962356163306565376361336638353333613666653764663436353863613561663937
65376531346237613738663230303866343734373866363263663636646365663361313764333334
66636139623764316163363631643265373435356132303765383234636231663638353738386264
30313030346361626538396364333938636234326466366531386565373931383533373061336335
35323432633238666361303663613934323530393562353838303161646334643434356165633232
62306139656631306237333261633434613138653839613365363731653635333833376231383062
63616137343039373663393035326331613964653036386637373335653262623937343938666162
33303036373164313563636262373266646633383762663337333232353533613039333664326262
64336533343666613265613131633933383164343639663031656262633836626234666534643365
36646161303964373637336635646338346430333330633961366661346465663935393563613731
62653835643734396135396532326366653733626332373466313433333137343635383366363361
35383865366131613231616166396131396331323765383337386339616537613130656465343438
38356630646533643337636663333264393861333939636465356261393532663265653562653162
39633163653561643330656630343434313865363735643734323666386163333734323636363032
39306366613530333037356232623238303462316233663464623466633461356230623133613262
39333664633062343032653563373966333165616631633630353234303365373765303332353963
35613230663862313330313066613639323831326430303461303365633935633039613337326639
34366361613561336237353431306235633933633438373730646466326134303163316562393331
32366435613032323230633866383733303335666566646430353336373263393131306233636533
34613130326666366537343539393534376233663534383637616666626533653337613332346139
65353130303230306265333062666166373231336265616632653137316462613833613363616432
61643863303663346662393761313762636164383131656139653666373130363037363561616234
39336537323833366639386262343831363037656261653937633831666366373462646661386264
31353632363464333864376662666431333564636534303162396264353762393936613661373435
32336633336333386535383132623439396665306239303539323133356365306266333266386232
34666361303562313534333036373461306437393735383137393932613364303765653230633839
33313435613661643731626561643161633034353461356136356232393935613039626239376632
36623630343739626565663564626565373835613035333934303132613934323665343632316466
34306633373564623039623766323566363135383834383539633266356266393934343932303730
31323263386333343161653633356166646365376130616664313236323064363935303532386563
30343138616263373136363732633262353136363562646462303936396538326631316465666335
35643436656130656161666238376466386136386162636265653934333538636437393065333165
36353666303930386231656139353938303265306432323734376131636563323831626461633533
33616237313434356532366364353737316662333834663033316538383863646633333665646362
63356561623730653334323530316666633561393133343533613165363338353730323064653364
39373133303832383837323932623961363136313564613337633261386537623661313864306337
63393234326337626137633065336633636265386166633866396563666232653065306563653161
62306462613331616663646532333735333533303262656239313835613637323665353161356362
34363036613962353239373162383635393661626234626336313636653635323735383463373061
62343038663034656261356533636232626330363737633339623530653662323633326236306338
32353562643139303836343534333665633933366665303139343936653636336631653930343435
36623931383335383335333730613033653837653935623962396135376431383634373732666432
64353064653439643535366564656266306563386234356161613331383039353535323864356638
33373633643131323037653730353466356364383965623264653363393463343061626130316465
38646230616134366166333635386566386639396135623735343134666539373730356564663132
66353435356564376234666665643735376537666436323936636332323539346561353763393630
64383337303364663832326561633232666661356163366537626433613239663239633061363966
34636133336138633163636134663664636566333436376330643734396438323438373734336261
34663338396165383731636132316230396338373865396234323766386133306461383564656530
36613763343163376134353935653032336334323566383563343730613262393538643336653434
32363065383566366139313066316463633031643837613934663862643532373236306366623563
35353033393431396237373035626463383836663431653965626238373063373764326431633630
62336532376231343634383037613732336665396336343263313639636432333930303964636532
33316561396636326438316362353637346264656663303136336237323833383363616666306632
63306164616537653936303265336137323933363766656532323539363162376163643734653665
36326463656162633762633235393463366530613163623338646232623532333137363138326364
35386337643764376263333332326137623061613262653965656361663462316537616137373764
35366162643733653631333861396631326562323139353338356133626334653466666433656661
30626361363764356130306430393339363232316635613733383931663961373138386131396131
37386230643064653064636334383032636162363066623861636536313134353937336130373337
64386438353430386436643232383537633532663562303436323038653763663965613664346637
65636237333537363462623937613265653466623863313063613934363638356230303833343866
39356437323037663661653039346665373732666164643431353733626437383562326438303964
6431633236393933633662626438626135613535643364666461
