$ANSIBLE_VAULT;1.1;AES256
64356435663332626334386638326164353032346131376339386337623631626531396337323133
6233383839656633623561353133613666666433613734640a613665396133353639653766383064
35373464336230333237303662303437323430356434306530303737393931346362303638333531
3333396364303032300a313130393239313732643862386137636639636639623765393164303330
37613563323463373632623438373431636338616430306536356536653032333537306164343336
36373364653861336264323034393532623133666261646335313339666432653263353266356630
31383365363139633064303835613330363834306637363961386430623837363262346165313937
34323637306537313734653637656336623632626364353336626264383037303364616330623931
33366464326439353763666637396366306263646433323666393365303465663466323331333535
31363832323435336538396366643335356561313936653834383334353038373865363963303237
63623363356632376337376438356635646161326638653035386461643238653262656364343936
36346237663066636262656637356562663061373561353638396364363566386164303735626366
35633932623134326530326538323834613337653531613833656461643630323639306336373230
38653764376564326263353533633133633835353462643735626332366331643136623934386638
66343661623466393135633962343639643738623864393333326437323863353164316335333464
37343237346261326664613166636530346438616361393764333834376235383735373336373165
33346635636530646434636539666630343361383337663864653761353837383564373163393838
31393630633832666332313430646330616362653833366365316632646238356534616231393162
63383738356466316662613338323862356233396236653334643966373664393666336538356262
35313230623838323333326438363034633565323331383431313663396130313039333766323862
63346331346265636366353466376137396338636633323265636231313032626332626566303761
61333937323862353861666630343965623464313764313432386564396432623039383562303832
64313735393763356332643733353537353730633336396633343063616130306531336331646631
31353535353233376261313938366264353064303362366461613939643434373132313661313565
66656365313966633339616233383862376131303062326166653235356530336632623333343130
62653737303966343338616535316662363937663061353934646531313639653066353538663533
64613732613731353739636238346335643231356362616433623236343030316334353135653962
37363035383166346235306239613038303637376264663034393661353632656639393038363964
39333762653761323863356665613535356234393031623133623734393266353233663636653735
34386332336465333039356661383061363230396432616165643335623439366239663662613939
34396237653339376561653034326636343062306633376366383635633833356538663736613737
64356261353037656630373631643536326536653666343531636432616435613337356139343465
64663831646239326164663434623834626235313739346134383337623933633461343931623764
33306435373166663262363266643665376566306362323163373934366366363130316265373466
33363239303634356231616338346338653633383232333163666435653661346233613030666166
30376432303531303833373162303239333966383961366634613932353436376261356138326232
64623862336537373662616363393661313266346536316230303935353239643136383564383032
34353633613733383033356462386432333066373664613437323362643261663331323439313334
66623932643135313430383034643635653331353030613136303038303362333239343030616162
39383032393663353032366466303533323738386262393030386231633436643137366231303938
33333735626338386330353530623837616630633435383766316434313334393563646432613437
36626231323536393532366133336431616635326165386232386162306338396139643434353266
61363830383963623161376130356137653434363639373064396363323134336135656434366432
32323363313765373531393033633134303734373066616161356566666531623238386332633061
34303731303565303566343262613932623832343164666164333933343630373935313265643333
63366631306132303535363339613039356561646261363332663136383063383936303632646461
35363839616139363266393436396336346631623038316335383963333266663337303431333132
39323631643764316531363135666231626365393565363062353135333164363133643035356634
30393636343831663736386135643332666234363436313236343432653037623235
